%%%%%%%%
9.194743
9.199467
9.213668
9.237443
9.270948
9.314410
9.368125
9.432468
9.507892
9.594946
9.694277
9.806648
9.932952
10.074229
10.231692
10.406756
10.601070
10.816565
11.055507
11.320564
11.614897
11.942269
12.307191
12.715109
13.172654
13.687976
14.271198
14.935044
15.695727
16.574218
17.598133
18.804567
20.244548
21.990235
24.147110
26.875707
30.432906
35.256934
42.161668
52.848884
71.573066
112.799512
277.785472
-547.299067
-134.794143
-75.885480
-52.335954
-39.665805
-31.755104
-26.349152
-22.423094
-19.444011
-17.107386
-15.226582
-13.680841
-12.388571
-11.292663
-10.351947
-9.535996
-8.821837
-8.191801
-7.632074
-7.131705
-6.681896
-6.275501
-5.906655
-5.570501
-5.262979
-4.980673
-4.720686
-4.480546
-4.258130
-4.051606
-3.859385
-3.680080
-3.512476
-3.355506
-3.208226
-3.069800
-2.939486
-2.816619
-2.700606
-2.590913
-2.487061
-2.388617
-2.295188
-2.206419
-2.121988
-2.041598
-1.964983
-1.891895
-1.822110
-1.755420
-1.691636
-1.630581
-1.572096
-1.516029
-1.462243
-1.410609
-1.361009
-1.313332
-1.267476
-1.223344
-1.180846
-1.139901
-1.100429
-1.062358
-1.025620
-0.990150
-0.955888
-0.922777
-0.890766
-0.859803
-0.829841
-0.800837
-0.772748
-0.745534
-0.719160
-0.693588
-0.668785
-0.644721
-0.621365
-0.598689
-0.576665
-0.555268
-0.534473
-0.514258
-0.494601
-0.475481
-0.456876
-0.438770
-0.421143
-0.403979
-0.387260
-0.370972
-0.355098
-0.339625
-0.324539
-0.309827
-0.295477
-0.281475
-0.267812
-0.254475
-0.241454
-0.228739
-0.216321
-0.204189
-0.192336
-0.180752
-0.169429
-0.158359
-0.147535
-0.136949
-0.126594
-0.116463
-0.106550
-0.096849
-0.087353
-0.078056
-0.068953
-0.060039
-0.051308
-0.042755
-0.034376
-0.026165
-0.018117
-0.010230
-0.002498
0.005083
0.012517
0.019807
0.026957
0.033971
0.040853
0.047605
0.054231
0.060735
0.067118
0.073385
0.079537
0.085578
0.091511
0.097337
0.103060
0.108682
0.114205
0.119632
0.124965
0.130206
0.135357
0.140421
0.145398
0.150292
0.155103
0.159835
0.164488
0.169064
0.173566
0.177994
0.182350
0.186636
0.190854
0.195004
0.199088
0.203107
0.207064
0.210959
0.214793
0.218569
0.222286
0.225948
0.229555
0.233113
0.236673
0.239987
0.243404
0.246752
0.250046
0.253290
0.256487
0.259636
0.262739
0.265797
0.268811
0.271782
0.274710
0.277596
0.280442
0.283247
0.286013
0.288741
0.291430
0.294082
0.296697
0.299277
0.301821
0.304330
0.306805
0.309247
0.311656
0.314032
0.316377
0.318690
0.320973
0.323225
0.325448
0.327642
0.329807
0.331943
0.334052
0.336134
0.338189
0.340217
0.342220
0.344197
0.346149
0.348076
0.349979
0.351858
0.353713
0.355545
0.357354
0.359141
0.360906
0.362649
0.364370
0.366071
0.367750
0.369409
0.371048
0.372667
0.374267
0.375847
0.377409
0.378951
0.380475
0.381981
0.383470
0.384940
0.386393
0.387829
0.389249
0.390651
0.392037
0.393407
0.394761
0.396100
0.397423
0.398730
0.400023
0.401301
0.402564
0.403813
0.405048
0.406269
0.407476
0.408671
0.409855
0.411040
0.412098
0.413285
0.414419
0.415536
0.416639
0.417729
0.418807
0.419873
0.420927
0.421969
0.423000
0.424019
0.425026
0.426023
0.427009
0.427984
0.428948
0.429902
0.430845
0.431778
0.432700
0.433613
0.434515
0.435408
0.436291
0.437165
0.438029
0.438884
0.439729
0.440565
0.441393
0.442211
0.443021
0.443821
0.444614
0.445397
0.446172
0.446939
0.447698
0.448448
0.449191
0.449925
0.450652
0.451370
0.452081
0.452785
0.453481
0.454169
0.454850
0.455524
0.456190
0.456849
0.457501
0.458147
0.458785
0.459416
0.460041
0.460659
0.461270
0.461875
0.462473
0.463064
0.463650
0.464229
0.464801
0.465368
0.465928
0.466482
0.467030
0.467573
0.468109
0.468639
0.469164
0.469683
0.470196
0.470704
0.471206
0.471702
0.472193
0.472679
0.473159
0.473634
0.474103
0.474568
0.475027
0.475481
0.475929
0.476373
0.476812
0.477245
0.477674
0.478098
0.478517
0.478931
0.479341
0.479746
0.480146
0.480541
0.480932
0.481318
0.481699
0.482076
0.482449
0.482817
0.483181
0.483540
0.483895
0.484246
0.484592
0.484935
0.485272
0.485606
0.485936
0.486261
0.486583
0.486900
0.487213
0.487522
0.487828
0.488129
0.488426
0.488720
0.489009
0.489295
0.489577
0.489855
0.490129
0.490400
0.490667
0.490930
0.491189
0.491445
0.491697
0.491946
0.492190
0.492432
0.492669
0.492904
0.493134
0.493361
0.493585
0.493805
0.494022
0.494235
0.494445
0.494652
0.494855
0.495055
0.495251
0.495444
0.495634
0.495821
0.496004
0.496184
0.496361
0.496534
0.496704
0.496872
0.497035
0.497196
0.497354
0.497508
0.497660
0.497808
0.497953
0.498095
0.498235
0.498371
0.498506
0.498639
0.498796
0.498859
0.498991
0.499112
0.499227
0.499339
0.499448
0.499554
0.499657
0.499756
0.499853
0.499946
0.500037
0.500125
0.500209
0.500291
0.500370
0.500446
0.500519
0.500589
0.500656
0.500720
0.500782
0.500840
0.500896
0.500948
0.500998
0.501045
0.501089
0.501131
0.501169
0.501205
0.501237
0.501267
0.501294
0.501318
0.501339
0.501358
0.501374
0.501386
0.501396
0.501403
0.501408
0.501409
0.501408
0.501403
0.501396
0.501386
0.501374
0.501358
0.501339
0.501318
0.501294
0.501267
0.501237
0.501205
0.501169
0.501131
0.501089
0.501045
0.500998
0.500948
0.500896
0.500840
0.500782
0.500720
0.500656
0.500589
0.500519
0.500446
0.500370
0.500291
0.500209
0.500125
0.500037
0.499946
0.499853
0.499756
0.499657
0.499554
0.499448
0.499339
0.499227
0.499112
0.498991
0.498859
0.498796
0.498639
0.498506
0.498371
0.498235
0.498095
0.497953
0.497808
0.497660
0.497508
0.497354
0.497196
0.497035
0.496872
0.496704
0.496534
0.496361
0.496184
0.496004
0.495821
0.495634
0.495444
0.495251
0.495055
0.494855
0.494652
0.494445
0.494235
0.494022
0.493805
0.493585
0.493361
0.493134
0.492904
0.492669
0.492432
0.492190
0.491946
0.491697
0.491445
0.491189
0.490930
0.490667
0.490400
0.490129
0.489855
0.489577
0.489295
0.489009
0.488720
0.488426
0.488129
0.487828
0.487522
0.487213
0.486900
0.486583
0.486261
0.485936
0.485606
0.485272
0.484935
0.484592
0.484246
0.483895
0.483540
0.483181
0.482817
0.482449
0.482076
0.481699
0.481318
0.480932
0.480541
0.480146
0.479746
0.479341
0.478931
0.478517
0.478098
0.477674
0.477245
0.476812
0.476373
0.475929
0.475481
0.475027
0.474568
0.474103
0.473634
0.473159
0.472679
0.472193
0.471702
0.471206
0.470704
0.470196
0.469683
0.469164
0.468639
0.468109
0.467573
0.467030
0.466482
0.465928
0.465368
0.464801
0.464229
0.463650
0.463064
0.462473
0.461875
0.461270
0.460659
0.460041
0.459416
0.458785
0.458147
0.457501
0.456849
0.456190
0.455524
0.454850
0.454169
0.453481
0.452785
0.452081
0.451370
0.450652
0.449925
0.449191
0.448448
0.447698
0.446939
0.446172
0.445397
0.444614
0.443821
0.443021
0.442211
0.441393
0.440565
0.439729
0.438884
0.438029
0.437165
0.436291
0.435408
0.434515
0.433613
0.432700
0.431778
0.430845
0.429902
0.428948
0.427984
0.427009
0.426023
0.425026
0.424019
0.423000
0.421969
0.420927
0.419873
0.418807
0.417729
0.416639
0.415536
0.414419
0.413285
0.412098
0.411040
0.409855
0.408671
0.407476
0.406269
0.405048
0.403813
0.402564
0.401301
0.400023
0.398730
0.397423
0.396100
0.394761
0.393407
0.392037
0.390651
0.389249
0.387829
0.386393
0.384940
0.383470
0.381981
0.380475
0.378951
0.377409
0.375847
0.374267
0.372667
0.371048
0.369409
0.367750
0.366071
0.364370
0.362649
0.360906
0.359141
0.357354
0.355545
0.353713
0.351858
0.349979
0.348076
0.346149
0.344197
0.342220
0.340217
0.338189
0.336134
0.334052
0.331943
0.329807
0.327642
0.325448
0.323225
0.320973
0.318690
0.316377
0.314032
0.311656
0.309247
0.306805
0.304330
0.301821
0.299277
0.296697
0.294082
0.291430
0.288741
0.286013
0.283247
0.280442
0.277596
0.274710
0.271782
0.268811
0.265797
0.262739
0.259636
0.256487
0.253290
0.250046
0.246752
0.243404
0.239987
0.236673
0.233113
0.229555
0.225948
0.222286
0.218569
0.214793
0.210959
0.207064
0.203107
0.199088
0.195004
0.190854
0.186636
0.182350
0.177994
0.173566
0.169064
0.164488
0.159835
0.155103
0.150292
0.145398
0.140421
0.135357
0.130206
0.124965
0.119632
0.114205
0.108682
0.103060
0.097337
0.091511
0.085578
0.079537
0.073385
0.067118
0.060735
0.054231
0.047605
0.040853
0.033971
0.026957
0.019807
0.012517
0.005083
-0.002498
-0.010230
-0.018117
-0.026165
-0.034376
-0.042755
-0.051308
-0.060039
-0.068953
-0.078056
-0.087353
-0.096849
-0.106550
-0.116463
-0.126594
-0.136949
-0.147535
-0.158359
-0.169429
-0.180752
-0.192336
-0.204189
-0.216321
-0.228739
-0.241454
-0.254475
-0.267812
-0.281475
-0.295477
-0.309827
-0.324539
-0.339625
-0.355098
-0.370972
-0.387260
-0.403979
-0.421143
-0.438770
-0.456876
-0.475481
-0.494601
-0.514258
-0.534473
-0.555268
-0.576665
-0.598689
-0.621365
-0.644721
-0.668785
-0.693588
-0.719160
-0.745534
-0.772748
-0.800837
-0.829841
-0.859803
-0.890766
-0.922777
-0.955888
-0.990150
-1.025620
-1.062358
-1.100429
-1.139901
-1.180846
-1.223344
-1.267476
-1.313332
-1.361009
-1.410609
-1.462243
-1.516029
-1.572096
-1.630581
-1.691636
-1.755420
-1.822110
-1.891895
-1.964983
-2.041598
-2.121988
-2.206419
-2.295188
-2.388617
-2.487061
-2.590913
-2.700606
-2.816619
-2.939486
-3.069800
-3.208226
-3.355506
-3.512476
-3.680080
-3.859385
-4.051606
-4.258130
-4.480546
-4.720686
-4.980673
-5.262979
-5.570501
-5.906655
-6.275501
-6.681896
-7.131705
-7.632074
-8.191801
-8.821837
-9.535996
-10.351947
-11.292663
-12.388571
-13.680841
-15.226582
-17.107386
-19.444011
-22.423094
-26.349152
-31.755104
-39.665805
-52.335954
-75.885480
-134.794143
-547.299067
277.785472
112.799512
71.573066
52.848884
42.161668
35.256934
30.432906
26.875707
24.147110
21.990235
20.244548
18.804567
17.598133
16.574218
15.695727
14.935044
14.271198
13.687976
13.172654
12.715109
12.307191
11.942269
11.614897
11.320564
11.055507
10.816565
10.601070
10.406756
10.231692
10.074229
9.932952
9.806648
9.694277
9.594946
9.507892
9.432468
9.368125
9.314410
9.270948
9.237443
9.213668
9.199467
