%%%%%%%%
0.000000
0.117026
0.234437
0.352621
0.471975
0.592909
0.715852
0.841255
0.969600
1.101402
1.237221
1.377670
1.523423
1.675227
1.833922
2.000451
2.175885
2.361451
2.558560
2.768850
2.994236
3.236977
3.499756
3.785793
4.098987
4.444109
4.827066
5.255264
5.738118
6.287790
6.920270
7.657026
8.527560
9.573576
10.856015
12.467598
14.556671
17.376278
21.396344
27.599420
38.441864
62.275246
157.560495
-318.772424
-80.583406
-46.543935
-32.919700
-25.577282
-20.983321
-17.836046
-15.543736
-13.798696
-12.425093
-11.315158
-10.399155
-9.629962
-8.974593
-8.409265
-7.916397
-7.482714
-7.098002
-6.754274
-6.445196
-6.165678
-5.911584
-5.679517
-5.466664
-5.270672
-5.089558
-4.921643
-4.765490
-4.619866
-4.483706
-4.356083
-4.236191
-4.123321
-4.016850
-3.916227
-3.820963
-3.730622
-3.644816
-3.563196
-3.485449
-3.411292
-3.340470
-3.272752
-3.207928
-3.145806
-3.086212
-3.028986
-2.973982
-2.921066
-2.870114
-2.821012
-2.773656
-2.727948
-2.683799
-2.641125
-2.599849
-2.559899
-2.521207
-2.483712
-2.447355
-2.412081
-2.377840
-2.344584
-2.312267
-2.280848
-2.250287
-2.220548
-2.191594
-2.163393
-2.135914
-2.109127
-2.083004
-2.057520
-2.032648
-2.008367
-1.984653
-1.961484
-1.938842
-1.916706
-1.895059
-1.873883
-1.853162
-1.832879
-1.813021
-1.793572
-1.774519
-1.755850
-1.737550
-1.719610
-1.702017
-1.684760
-1.667829
-1.651214
-1.634905
-1.618894
-1.603171
-1.587728
-1.572556
-1.557649
-1.542998
-1.528596
-1.514437
-1.500513
-1.486819
-1.473347
-1.460093
-1.447050
-1.434212
-1.421575
-1.409134
-1.396882
-1.384817
-1.372931
-1.361223
-1.349686
-1.338317
-1.327112
-1.316067
-1.305178
-1.294441
-1.283853
-1.273411
-1.263110
-1.252949
-1.242923
-1.233030
-1.223266
-1.213629
-1.204117
-1.194726
-1.185453
-1.176297
-1.167255
-1.158324
-1.149502
-1.140787
-1.132177
-1.123669
-1.115261
-1.106952
-1.098739
-1.090621
-1.082596
-1.074661
-1.066815
-1.059057
-1.051385
-1.043796
-1.036290
-1.028865
-1.021519
-1.014252
-1.007061
-0.999944
-0.992902
-0.985932
-0.979033
-0.972204
-0.965444
-0.958751
-0.952124
-0.945563
-0.939065
-0.932630
-0.926258
-0.919945
-0.913693
-0.907500
-0.901366
-0.895291
-0.889304
-0.883261
-0.877361
-0.871503
-0.865695
-0.859938
-0.854231
-0.848573
-0.842964
-0.837404
-0.831891
-0.826425
-0.821004
-0.815629
-0.810299
-0.805012
-0.799769
-0.794568
-0.789409
-0.784292
-0.779215
-0.774178
-0.769181
-0.764223
-0.759303
-0.754421
-0.749576
-0.744768
-0.739996
-0.735260
-0.730559
-0.725893
-0.721261
-0.716662
-0.712097
-0.707564
-0.703064
-0.698596
-0.694159
-0.689753
-0.685378
-0.681032
-0.676717
-0.672431
-0.668174
-0.663945
-0.659745
-0.655572
-0.651427
-0.647309
-0.643218
-0.639153
-0.635114
-0.631101
-0.627113
-0.623150
-0.619212
-0.615298
-0.611409
-0.607543
-0.603700
-0.599881
-0.596085
-0.592311
-0.588559
-0.584830
-0.581122
-0.577436
-0.573771
-0.570127
-0.566504
-0.562901
-0.559319
-0.555756
-0.552213
-0.548689
-0.545185
-0.541700
-0.538233
-0.534785
-0.531355
-0.527943
-0.524549
-0.521172
-0.517811
-0.514459
-0.511190
-0.507855
-0.504561
-0.501285
-0.498027
-0.494785
-0.491559
-0.488348
-0.485154
-0.481974
-0.478810
-0.475661
-0.472527
-0.469408
-0.466303
-0.463212
-0.460136
-0.457073
-0.454025
-0.450990
-0.447969
-0.444961
-0.441966
-0.438984
-0.436016
-0.433060
-0.430116
-0.427186
-0.424267
-0.421361
-0.418467
-0.415585
-0.412715
-0.409856
-0.407009
-0.404174
-0.401349
-0.398536
-0.395734
-0.392943
-0.390163
-0.387393
-0.384634
-0.381886
-0.379147
-0.376419
-0.373702
-0.370994
-0.368296
-0.365607
-0.362929
-0.360260
-0.357601
-0.354950
-0.352310
-0.349678
-0.347055
-0.344442
-0.341837
-0.339241
-0.336653
-0.334074
-0.331504
-0.328942
-0.326388
-0.323843
-0.321305
-0.318776
-0.316254
-0.313741
-0.311235
-0.308737
-0.306246
-0.303763
-0.301287
-0.298819
-0.296357
-0.293903
-0.291456
-0.289016
-0.286583
-0.284157
-0.281738
-0.279325
-0.276919
-0.274519
-0.272126
-0.269739
-0.267359
-0.264985
-0.262617
-0.260255
-0.257899
-0.255549
-0.253205
-0.250867
-0.248534
-0.246207
-0.243886
-0.241571
-0.239260
-0.236956
-0.234656
-0.232362
-0.230073
-0.227790
-0.225511
-0.223237
-0.220969
-0.218705
-0.216446
-0.214192
-0.211943
-0.209698
-0.207458
-0.205222
-0.202991
-0.200765
-0.198543
-0.196325
-0.194111
-0.191902
-0.189696
-0.187495
-0.185298
-0.183105
-0.180916
-0.178730
-0.176549
-0.174371
-0.172197
-0.170026
-0.167860
-0.165696
-0.163537
-0.161380
-0.159228
-0.157078
-0.154932
-0.152789
-0.150649
-0.148513
-0.146379
-0.144249
-0.142121
-0.139997
-0.137875
-0.135756
-0.133640
-0.131527
-0.129417
-0.127309
-0.125204
-0.123101
-0.121001
-0.118904
-0.116809
-0.114716
-0.112626
-0.110538
-0.108452
-0.106369
-0.104287
-0.102208
-0.100131
-0.098056
-0.095983
-0.093912
-0.091844
-0.089779
-0.087731
-0.085632
-0.083576
-0.081518
-0.079460
-0.077403
-0.075347
-0.073293
-0.071241
-0.069190
-0.067140
-0.065091
-0.063044
-0.060998
-0.058953
-0.056910
-0.054867
-0.052826
-0.050785
-0.048746
-0.046708
-0.044670
-0.042634
-0.040598
-0.038563
-0.036529
-0.034496
-0.032463
-0.030431
-0.028400
-0.026369
-0.024338
-0.022308
-0.020279
-0.018250
-0.016221
-0.014193
-0.012165
-0.010137
-0.008109
-0.006082
-0.004055
-0.002027
0.000000
0.002027
0.004055
0.006082
0.008109
0.010137
0.012165
0.014193
0.016221
0.018250
0.020279
0.022308
0.024338
0.026369
0.028400
0.030431
0.032463
0.034496
0.036529
0.038563
0.040598
0.042634
0.044670
0.046708
0.048746
0.050785
0.052826
0.054867
0.056910
0.058953
0.060998
0.063044
0.065091
0.067140
0.069190
0.071241
0.073293
0.075347
0.077403
0.079460
0.081518
0.083576
0.085632
0.087731
0.089779
0.091844
0.093912
0.095983
0.098056
0.100131
0.102208
0.104287
0.106369
0.108452
0.110538
0.112626
0.114716
0.116809
0.118904
0.121001
0.123101
0.125204
0.127309
0.129417
0.131527
0.133640
0.135756
0.137875
0.139997
0.142121
0.144249
0.146379
0.148513
0.150649
0.152789
0.154932
0.157078
0.159228
0.161380
0.163537
0.165696
0.167860
0.170026
0.172197
0.174371
0.176549
0.178730
0.180916
0.183105
0.185298
0.187495
0.189696
0.191902
0.194111
0.196325
0.198543
0.200765
0.202991
0.205222
0.207458
0.209698
0.211943
0.214192
0.216446
0.218705
0.220969
0.223237
0.225511
0.227790
0.230073
0.232362
0.234656
0.236956
0.239260
0.241571
0.243886
0.246207
0.248534
0.250867
0.253205
0.255549
0.257899
0.260255
0.262617
0.264985
0.267359
0.269739
0.272126
0.274519
0.276919
0.279325
0.281738
0.284157
0.286583
0.289016
0.291456
0.293903
0.296357
0.298819
0.301287
0.303763
0.306246
0.308737
0.311235
0.313741
0.316254
0.318776
0.321305
0.323843
0.326388
0.328942
0.331504
0.334074
0.336653
0.339241
0.341837
0.344442
0.347055
0.349678
0.352310
0.354950
0.357601
0.360260
0.362929
0.365607
0.368296
0.370994
0.373702
0.376419
0.379147
0.381886
0.384634
0.387393
0.390163
0.392943
0.395734
0.398536
0.401349
0.404174
0.407009
0.409856
0.412715
0.415585
0.418467
0.421361
0.424267
0.427186
0.430116
0.433060
0.436016
0.438984
0.441966
0.444961
0.447969
0.450990
0.454025
0.457073
0.460136
0.463212
0.466303
0.469408
0.472527
0.475661
0.478810
0.481974
0.485154
0.488348
0.491559
0.494785
0.498027
0.501285
0.504561
0.507855
0.511190
0.514459
0.517811
0.521172
0.524549
0.527943
0.531355
0.534785
0.538233
0.541700
0.545185
0.548689
0.552213
0.555756
0.559319
0.562901
0.566504
0.570127
0.573771
0.577436
0.581122
0.584830
0.588559
0.592311
0.596085
0.599881
0.603700
0.607543
0.611409
0.615298
0.619212
0.623150
0.627113
0.631101
0.635114
0.639153
0.643218
0.647309
0.651427
0.655572
0.659745
0.663945
0.668174
0.672431
0.676717
0.681032
0.685378
0.689753
0.694159
0.698596
0.703064
0.707564
0.712097
0.716662
0.721261
0.725893
0.730559
0.735260
0.739996
0.744768
0.749576
0.754421
0.759303
0.764223
0.769181
0.774178
0.779215
0.784292
0.789409
0.794568
0.799769
0.805012
0.810299
0.815629
0.821004
0.826425
0.831891
0.837404
0.842964
0.848573
0.854231
0.859938
0.865695
0.871503
0.877361
0.883261
0.889304
0.895291
0.901366
0.907500
0.913693
0.919945
0.926258
0.932630
0.939065
0.945563
0.952124
0.958751
0.965444
0.972204
0.979033
0.985932
0.992902
0.999944
1.007061
1.014252
1.021519
1.028865
1.036290
1.043796
1.051385
1.059057
1.066815
1.074661
1.082596
1.090621
1.098739
1.106952
1.115261
1.123669
1.132177
1.140787
1.149502
1.158324
1.167255
1.176297
1.185453
1.194726
1.204117
1.213629
1.223266
1.233030
1.242923
1.252949
1.263110
1.273411
1.283853
1.294441
1.305178
1.316067
1.327112
1.338317
1.349686
1.361223
1.372931
1.384817
1.396882
1.409134
1.421575
1.434212
1.447050
1.460093
1.473347
1.486819
1.500513
1.514437
1.528596
1.542998
1.557649
1.572556
1.587728
1.603171
1.618894
1.634905
1.651214
1.667829
1.684760
1.702017
1.719610
1.737550
1.755850
1.774519
1.793572
1.813021
1.832879
1.853162
1.873883
1.895059
1.916706
1.938842
1.961484
1.984653
2.008367
2.032648
2.057520
2.083004
2.109127
2.135914
2.163393
2.191594
2.220548
2.250287
2.280848
2.312267
2.344584
2.377840
2.412081
2.447355
2.483712
2.521207
2.559899
2.599849
2.641125
2.683799
2.727948
2.773656
2.821012
2.870114
2.921066
2.973982
3.028986
3.086212
3.145806
3.207928
3.272752
3.340470
3.411292
3.485449
3.563196
3.644816
3.730622
3.820963
3.916227
4.016850
4.123321
4.236191
4.356083
4.483706
4.619866
4.765490
4.921643
5.089558
5.270672
5.466664
5.679517
5.911584
6.165678
6.445196
6.754274
7.098002
7.482714
7.916397
8.409265
8.974593
9.629962
10.399155
11.315158
12.425093
13.798696
15.543736
17.836046
20.983321
25.577282
32.919700
46.543935
80.583406
318.772424
-157.560495
-62.275246
-38.441864
-27.599420
-21.396344
-17.376278
-14.556671
-12.467598
-10.856015
-9.573576
-8.527560
-7.657026
-6.920270
-6.287790
-5.738118
-5.255264
-4.827066
-4.444109
-4.098987
-3.785793
-3.499756
-3.236977
-2.994236
-2.768850
-2.558560
-2.361451
-2.175885
-2.000451
-1.833922
-1.675227
-1.523423
-1.377670
-1.237221
-1.101402
-0.969600
-0.841255
-0.715852
-0.592909
-0.471975
-0.352621
-0.234437
-0.117026
