%%%%%%%%
9.194743
10.601070
20.244548
-31.755104
-6.275501
-2.816619
-1.516029
-0.859803
-0.475481
-0.228739
-0.060039
0.060735
0.150292
0.218569
0.271782
0.314032
0.348076
0.375847
0.398730
0.417729
0.433613
0.446939
0.458147
0.467573
0.475481
0.482076
0.487522
0.491946
0.495444
0.498095
0.499946
0.501045
0.501409
0.501045
0.499946
0.498095
0.495444
0.491946
0.487522
0.482076
0.475481
0.467573
0.458147
0.446939
0.433613
0.417729
0.398730
0.375847
0.348076
0.314032
0.271782
0.218569
0.150292
0.060735
-0.060039
-0.228739
-0.475481
-0.859803
-1.516029
-2.816619
-6.275501
-31.755104
20.244548
10.601070
