%%%%%%%%
0.000000
2.175885
8.527560
-20.983321
-5.911584
-3.644816
-2.683799
-2.135914
-1.774519
-1.514437
-1.316067
-1.158324
-1.028865
-0.919945
-0.826425
-0.744768
-0.672431
-0.607543
-0.548689
-0.494785
-0.444961
-0.398536
-0.354950
-0.313741
-0.274519
-0.236956
-0.200765
-0.165696
-0.131527
-0.098056
-0.065091
-0.032463
0.000000
0.032463
0.065091
0.098056
0.131527
0.165696
0.200765
0.236956
0.274519
0.313741
0.354950
0.398536
0.444961
0.494785
0.548689
0.607543
0.672431
0.744768
0.826425
0.919945
1.028865
1.158324
1.316067
1.514437
1.774519
2.135914
2.683799
3.644816
5.911584
20.983321
-8.527560
-2.175885
